-6,9.94,0.2994,0
-8.982,9.85018,0.397902,0.01
-11.9371,9.73081,0.49521,0.02
-14.8563,9.58225,0.591032,0.03
-17.731,9.40494,0.685082,0.04
-20.5525,9.19941,0.777076,0.05
-23.3123,8.96629,0.866739,0.06
-26.0022,8.70627,0.953801,0.07
-28.614,8.42013,1.038,0.08
-31.1401,8.10873,1.11909,0.09
-33.5727,7.773,1.19682,0.1
-35.9046,7.41395,1.27096,0.11
-38.1288,7.03267,1.34129,0.12
-40.2386,6.63028,1.40759,0.13
-42.2277,6.208,1.46967,0.14
-44.0901,5.7671,1.52734,0.15
-45.8202,5.3089,1.58043,0.16
-47.4129,4.83477,1.62878,0.17
-48.8633,4.34614,1.67224,0.18
-50.1671,3.84447,1.71068,0.19
-51.3205,3.33126,1.744,0.2
-52.3199,2.80806,1.77208,0.21
-53.1623,2.27644,1.79484,0.22
-53.8452,1.73799,1.81222,0.23
-54.3666,1.19432,1.82416,0.24
-54.7249,0.647074,1.83063,0.25
-54.919,0.0978835,1.83161,0.26
-54.9484,-0.4516,1.8271,0.27
-54.8129,-0.99973,1.8171,0.28
-54.513,-1.54486,1.80165,0.29
-54.0495,-2.08535,1.7808,0.3
-53.4239,-2.61959,1.7546,0.31
-52.6381,-3.14597,1.72314,0.32
-51.6943,-3.66292,1.68651,0.33
-50.5954,-4.16887,1.64482,0.34
-49.3447,-4.66232,1.5982,0.35
-47.946,-5.14178,1.54678,0.36
-46.4035,-5.60581,1.49073,0.37
-44.7218,-6.05303,1.43019,0.38
-42.9058,-6.48209,1.36537,0.39
-40.9612,-6.8917,1.29646,0.4
-38.8937,-7.28064,1.22365,0.41
-36.7095,-7.64773,1.14717,0.42
-34.4152,-7.99189,1.06725,0.43
-32.0176,-8.31206,0.984134,0.44
-29.524,-8.6073,0.898061,0.45
-26.9418,-8.87672,0.809293,0.46
-24.2788,-9.11951,0.718098,0.47
-21.5429,-9.33494,0.624749,0.48
-18.7425,-9.52236,0.529525,0.49
-15.8858,-9.68122,0.432713,0.5
-12.9814,-9.81103,0.334603,0.51
-10.0381,-9.91141,0.235489,0.52
-7.06466,-9.98206,0.135668,0.53
-4.07004,-10.0228,0.0354404,0.54
-1.06321,-10.0334,-0.0648936,0.55
1.94681,-10.0139,-0.165033,0.56
4.95099,-9.96442,-0.264677,0.57
7.94031,-9.88501,-0.363527,0.58
10.9058,-9.77595,-0.461287,0.59
13.8386,-9.63757,-0.557662,0.6
16.7299,-9.47027,-0.652365,0.61
19.571,-9.27456,-0.745111,0.62
22.3533,-9.05103,-0.835621,0.63
25.0686,-8.80034,-0.923624,0.64
27.7087,-8.52325,-1.00886,0.65
30.2657,-8.2206,-1.09106,0.66
32.7319,-7.89328,-1.17,0.67
35.0999,-7.54228,-1.24542,0.68
37.3626,-7.16865,-1.3171,0.69
39.5131,-6.77352,-1.38484,0.7
41.5452,-6.35807,-1.44842,0.71
43.4526,-5.92354,-1.50766,0.72
45.2297,-5.47125,-1.56237,0.73
46.8711,-5.00254,-1.61239,0.74
48.3718,-4.51882,-1.65758,0.75
49.7275,-4.02154,-1.6978,0.76
50.9339,-3.5122,-1.73292,0.77
51.9876,-2.99233,-1.76284,0.78
52.8853,-2.46348,-1.78748,0.79
53.6243,-1.92723,-1.80675,0.8
54.2025,-1.38521,-1.8206,0.81
54.6181,-0.839026,-1.82899,0.82
54.8698,-0.290328,-1.8319,0.83
54.9569,0.25924,-1.8293,0.84
54.8791,0.808031,-1.82122,0.85
54.6367,1.3544,-1.80768,0.86
54.2304,1.8967,-1.78871,0.87
53.6614,2.43332,-1.76438,0.88
52.9314,2.96263,-1.73475,0.89
52.0426,3.48306,-1.69992,0.9
50.9977,3.99303,-1.65999,0.91
49.7998,4.49103,-1.61508,0.92
48.4524,4.97555,-1.56533,0.93
46.9598,5.44515,-1.51087,0.94
45.3262,5.89841,-1.45189,0.95
43.5567,6.33398,-1.38855,0.96
41.6565,6.75055,-1.32104,0.97
39.6313,7.14686,-1.24958,0.98
37.4873,7.52173,-1.17436,0.99
35.2308,7.87404,-1.09562,1
32.8686,8.20273,-1.01359,1.01
30.4077,8.5068,-0.928523,1.02
27.8557,8.78536,-0.84067,1.03
25.2201,9.03756,-0.750294,1.04
22.5088,9.26265,-0.657668,1.05
19.73,9.45995,-0.563068,1.06
16.892,9.62887,-0.466779,1.07
14.0034,9.7689,-0.36909,1.08
11.0727,9.87963,-0.270294,1.09
8.10882,9.96072,-0.170687,1.1
5.12061,10.0119,-0.0705677,1.11
2.11703,10.0331,0.0297633,1.12
-0.892899,10.0242,0.130005,1.13
-3.90015,9.98517,0.229857,1.14
-6.8957,9.91621,0.329019,1.15
-9.87056,9.8175,0.427194,1.16
-12.8158,9.68934,0.524087,1.17
-15.7226,9.53212,0.619408,1.18
-18.5823,9.3463,0.712871,1.19
-21.3861,9.13243,0.804196,1.2
-24.1259,8.89118,0.893107,1.21
-26.7932,8.62324,0.97934,1.22
-29.3802,8.32944,1.06263,1.23
-31.879,8.01065,1.14274,1.24
-34.2822,7.66783,1.21942,1.25
-36.5826,7.302,1.29244,1.26
-38.7732,6.91427,1.36158,1.27
-40.8475,6.5058,1.42664,1.28
-42.7992,6.07781,1.48742,1.29
-44.6225,5.63158,1.54373,1.3
-46.312,5.16846,1.59542,1.31
-47.8625,4.68983,1.64232,1.32
-49.2695,4.19714,1.68429,1.33
-50.5286,3.69185,1.72121,1.34
-51.6362,3.17549,1.75296,1.35
-52.5888,2.6496,1.77946,1.36
-53.3837,2.11577,1.80062,1.37
-54.0185,1.57558,1.81637,1.38
-54.4911,1.03067,1.82668,1.39
-54.8003,0.482666,1.8315,1.4
-54.9451,-0.066785,1.83084,1.41
-54.9251,-0.616036,1.82468,1.42
-54.7403,-1.16344,1.81304,1.43
-54.3912,-1.70735,1.79597,1.44
-53.879,-2.24614,1.77351,1.45
-53.2052,-2.77819,1.74572,1.46
-52.3717,-3.30191,1.71271,1.47
-51.3812,-3.81572,1.67455,1.48
-50.2365,-4.31809,1.63137,1.49
-48.941,-4.8075,1.58329,1.5
-47.4988,-5.28249,1.53047,1.51
-45.914,-5.74163,1.47305,1.52
-44.1915,-6.18354,1.41122,1.53
-42.3365,-6.60691,1.34515,1.54
-40.3544,-7.01045,1.27504,1.55
-38.2513,-7.39296,1.20111,1.56
-36.0334,-7.7533,1.12358,1.57
-33.7074,-8.09037,1.04268,1.58
-31.2803,-8.40317,0.958644,1.59
-28.7593,-8.69077,0.871737,1.6
-26.1521,-8.95229,0.782214,1.61
-23.4664,-9.18695,0.690344,1.62
-20.7103,-9.39406,0.596404,1.63
-17.8921,-9.57298,0.500674,1.64
-15.0202,-9.72318,0.403442,1.65
-12.1033,-9.84421,0.305,1.66
-9.15001,-9.93571,0.205643,1.67
-6.16929,-9.9974,0.105669,1.68
-3.17007,-10.0291,0.00537796,1.69
-0.161339,-10.0307,-0.0949292,1.7
2.84788,-10.0022,-0.194952,1.71
5.84855,-9.94375,-0.294389,1.72
8.83168,-9.85544,-0.392944,1.73
11.7883,-9.73755,-0.490319,1.74
14.7096,-9.59046,-0.586224,1.75
17.5867,-9.41459,-0.68037,1.76
20.4111,-9.21048,-0.772474,1.77
23.1742,-8.97874,-0.862262,1.78
25.8679,-8.72006,-0.949462,1.79
28.4839,-8.43522,-1.03381,1.8
31.0144,-8.12508,-1.11507,1.81
33.452,-7.79056,-1.19297,1.82
35.7891,-7.43267,-1.2673,1.83
38.0189,-7.05248,-1.33782,1.84
40.1347,-6.65113,-1.40433,1.85
42.13,-6.22983,-1.46663,1.86
43.999,-5.78984,-1.52453,1.87
45.7359,-5.33248,-1.57786,1.88
47.3357,-4.85912,-1.62645,1.89
48.7934,-4.37119,-1.67016,1.9
50.1048,-3.87014,-1.70886,1.91
51.2658,-3.35749,-1.74243,1.92
52.273,-2.83475,-1.77078,1.93
53.1235,-2.30352,-1.79382,1.94
53.8145,-1.76538,-1.81147,1.95
54.3441,-1.22193,-1.82369,1.96
54.7107,-0.674827,-1.83044,1.97
54.9132,-0.125695,-1.8317,1.98
54.9509,0.423814,-1.82746,1.99
54.8237,0.972051,-1.81774,2
54.5321,1.51737,-1.80256,2.01
54.0769,2.05814,-1.78198,2.02
53.4595,2.59274,-1.75605,2.03
52.6816,3.11955,-1.72486,2.04
51.7458,3.63701,-1.68849,2.05
50.6547,4.14356,-1.64705,2.06
49.4116,4.63767,-1.60068,2.07
48.0203,5.11788,-1.5495,2.08
46.4849,5.58272,-1.49367,2.09
44.8101,6.03083,-1.43336,2.1
43.0009,6.46083,-1.36875,2.11
41.0626,6.87146,-1.30004,2.12
39.0012,7.26147,-1.22742,2.13
36.8227,7.6297,-1.15113,2.14
34.5338,7.97504,-1.07138,2.15
32.1413,8.29645,-0.988413,2.16
29.6524,8.59298,-0.902483,2.17
27.0745,8.86372,-0.813846,2.18
24.4154,9.10787,-0.722767,2.19
21.683,9.3247,-0.62952,2.2
18.8856,9.51356,-0.534384,2.21
16.0315,9.67388,-0.437646,2.22
13.1294,9.80517,-0.339594,2.23
10.1878,9.90705,-0.240524,2.24
7.21571,9.9792,-0.140731,2.25
4.22194,10.0214,-0.0405172,2.26
1.21552,10.0336,0.0598186,2.27
-1.79456,10.0156,0.159975,2.28
-4.79925,9.96764,0.259651,2.29
-7.78954,9.88975,0.358549,2.3
-10.7565,9.78218,0.456371,2.31
-13.6911,9.64527,0.552823,2.32
-16.5847,9.47942,0.647618,2.33
-19.4285,9.28514,0.740469,2.34
-22.2141,9.063,0.831099,2.35
-24.933,8.81367,0.919236,2.36
-27.5771,8.5379,1.00461,2.37
-30.1384,8.23651,1.08698,2.38
-32.6094,7.91042,1.16608,2.39
-34.9825,7.56059,1.24169,2.4
-37.2507,7.18809,1.31357,2.41
-39.4071,6.79402,1.38151,2.42
-41.4453,6.37956,1.44531,2.43
-43.3592,5.94597,1.50477,2.44
-45.143,5.49454,1.55971,2.45
-46.7913,5.02663,1.60998,2.46
-48.2993,4.54363,1.65541,2.47
-49.6624,4.04701,1.69588,2.48
-50.8765,3.53824,1.73127,2.49
-51.938,3.01886,1.76146,2.5
-52.8437,2.49043,1.78636,2.51
-53.5908,1.95452,1.8059,2.52
-54.1771,1.41275,1.82003,2.53
-54.601,0.866739,1.8287,2.54
-54.861,0.318129,1.83188,2.55
-54.9564,-0.231436,1.82957,2.56
-54.887,-0.780306,1.82176,2.57
-54.6529,-1.32683,1.8085,2.58
-54.2549,-1.86938,1.7898,2.59
-53.694,-2.40632,1.76574,2.6
-52.9721,-2.93604,1.73638,2.61
-52.0913,-3.45696,1.70181,2.62
-51.0542,-3.9675,1.66213,2.63
-49.864,-4.46614,1.61747,2.64
-48.5241,-4.95138,1.56796,2.65
-47.0387,-5.42177,1.51374,2.66
-45.4122,-5.87589,1.45498,2.67
-43.6494,-6.31239,1.39186,2.68
-41.7557,-6.72994,1.32456,2.69
-39.7367,-7.12731,1.25328,2.7
-37.5985,-7.5033,1.17825,2.71
-35.3476,-7.85677,1.09968,2.72
-32.9905,-8.18668,1.01782,2.73
-30.5345,-8.49202,0.932897,2.74
-27.9869,-8.77189,0.845178,2.75
-25.3553,-9.02544,0.754924,2.76
-22.6477,-9.25192,0.662405,2.77
-19.8721,-9.45064,0.567898,2.78
-17.0369,-9.62101,0.471688,2.79
-14.1506,-9.76252,0.374063,2.8
-11.2219,-9.87474,0.275315,2.81
-8.25946,-9.95733,0.175742,2.82
-5.27226,-10.0101,0.0756416,2.83
-2.26925,-10.0327,-0.0246859,2.84
0.740577,-10.0253,-0.124939,2.85
3.74818,-9.98786,-0.224818,2.86
6.74454,-9.92041,-0.324022,2.87
9.72066,-9.82321,-0.422254,2.88
12.6676,-9.69653,-0.519219,2.89
15.5766,-9.54077,-0.614627,2.9
18.4388,-9.35638,-0.708191,2.91
21.2457,-9.14392,-0.79963,2.92
23.9889,-8.90403,-0.88867,2.93
26.6601,-8.63743,-0.975045,2.94
29.2513,-8.34492,-1.05849,2.95
31.7548,-8.02737,-1.13877,2.96
34.163,-7.68574,-1.21562,2.97
36.4687,-7.32105,-1.28884,2.98
38.6651,-6.9344,-1.35818,2.99
40.7454,-6.52695,-1.42345,3
42.7035,-6.09991,-1.48445,3.01
44.5334,-5.65458,-1.54099,3.02
46.2298,-5.19228,-1.59292,3.03
47.7875,-4.7144,-1.64006,3.04
49.2018,-4.22239,-1.68228,3.05
50.4685,-3.7177,-1.71946,3.06
51.5838,-3.20186,-1.75148,3.07
52.5444,-2.67642,-1.77824,3.08
53.3473,-2.14294,-1.79967,3.09
53.9902,-1.60304,-1.8157,3.1
54.4711,-1.05833,-1.82629,3.11
54.7886,-0.510445,-1.83139,3.12
54.9418,0.0389723,-1.831,3.13
54.9301,0.588273,-1.82512,3.14
54.7536,1.13581,-1.81376,3.15
54.4128,1.67994,-1.79696,3.16
53.9089,2.21903,-1.77477,3.17
53.2432,2.75146,-1.74726,3.18
52.4177,3.27563,-1.7145,3.19
51.435,3.78998,-1.6766,3.2
50.298,4.29297,-1.63367,3.21
49.0101,4.78307,-1.58584,3.22
47.5752,5.25882,-1.53325,3.23
45.9976,5.71879,-1.47606,3.24
44.2819,6.16161,-1.41445,3.25
42.4335,6.58595,-1.34859,3.26
40.4577,6.99052,-1.27868,3.27
38.3605,7.37413,-1.20494,3.28
36.1483,7.73561,-1.12759,3.29
33.8276,8.07389,-1.04685,3.3
31.4054,8.38794,-0.962968,3.31
28.889,8.67683,-0.8762,3.32
26.286,8.93969,-0.786803,3.33
23.6041,9.17573,-0.695045,3.34
20.8514,9.38425,-0.601203,3.35
18.0361,9.56461,-0.505557,3.36
15.1667,9.71628,-0.408394,3.37
12.2518,9.83879,-0.310006,3.38
9.30018,9.9318,-0.210688,3.39
6.32064,9.995,-0.110738,3.4
3.32214,10.0282,-0.0104559,3.41
0.313676,10.0314,0.0898577,3.42
-2.69573,10.0044,0.189902,3.43
-5.69705,9.94743,0.289376,3.44
-8.68128,9.86062,0.387982,3.45
-11.6395,9.74422,0.485425,3.46
-14.5627,9.5986,0.58141,3.47
-17.4423,9.42417,0.675652,3.48
-20.2696,9.22148,0.767867,3.49
-23.036,8.99112,0.857778,3.5
-25.7333,8.73379,0.945116,3.51
-28.3535,8.45025,1.02962,3.52
-30.8886,8.14136,1.11103,3.53
-33.331,7.80806,1.18911,3.54
-35.6734,7.45132,1.26363,3.55
-37.9088,7.07223,1.33435,3.56
-40.0304,6.67193,1.40107,3.57
-42.032,6.25161,1.46358,3.58
-43.9075,5.81253,1.52171,3.59
-45.6513,5.35602,1.57527,3.6
-47.2581,4.88344,1.6241,3.61
-48.7231,4.39621,1.66807,3.62
-50.042,3.89579,1.70702,3.63
-51.2107,3.38368,1.74086,3.64
-52.2258,2.86142,1.76947,3.65
-53.0842,2.33058,1.79278,3.66
-53.7834,1.79275,1.81071,3.67
-54.3212,1.24954,1.8232,3.68
-54.6961,0.702574,1.83023,3.69
-54.9069,0.153505,1.83176,3.7
-54.9529,-0.396024,1.8278,3.71
-54.8341,-0.944365,1.81836,3.72
-54.5508,-1.48987,1.80346,3.73
-54.1038,-2.03091,1.78315,3.74
-53.4946,-2.56586,1.75749,3.75
-52.7248,-3.09311,1.72656,3.76
-51.7969,-3.61107,1.69045,3.77
-50.7136,-4.11821,1.64927,3.78
-49.4781,-4.61299,1.60314,3.79
-48.0942,-5.09393,1.5522,3.8
-46.566,-5.55959,1.4966,3.81
-44.8981,-6.00857,1.43652,3.82
-43.0956,-6.43953,1.37212,3.83
-41.1637,-6.85117,1.30361,3.84
-39.1084,-7.24225,1.23119,3.85
-36.9357,-7.61161,1.15507,3.86
-34.6522,-7.95813,1.07549,3.87
-32.2648,-8.28078,0.992684,3.88
-29.7805,-8.57858,0.906899,3.89
-27.207,-8.85065,0.818392,3.9
-24.5518,-9.09617,0.72743,3.91
-21.8229,-9.3144,0.634286,3.92
-19.0286,-9.50468,0.539239,3.93
-16.1772,-9.66646,0.442575,3.94
-13.2772,-9.79923,0.344583,3.95
-10.3375,-9.9026,0.245557,3.96
-7.3667,-9.97627,0.145794,3.97
-4.37382,-10.02,0.0455938,3.98
-1.36781,-10.0337,-0.0547431,3.99
1.64229,-10.0173,-0.154916,4
4.64747,-9.97079,-0.254624,4.01
7.63871,-9.8944,-0.353568,4.02
10.607,-9.78833,-0.451451,4.03
13.5435,-9.6529,-0.54798,4.04
16.4394,-9.4885,-0.642865,4.05
19.2859,-9.29564,-0.735821,4.06
22.0746,-9.0749,-0.82657,4.07
24.7971,-8.82693,-0.91484,4.08
27.4452,-8.55247,-1.00036,4.09
30.0109,-8.25236,-1.08289,4.1
32.4866,-7.9275,-1.16216,4.11
34.8649,-7.57885,-1.23795,4.12
37.1385,-7.20746,-1.31003,4.13
39.3008,-6.81446,-1.37817,4.14
41.3451,-6.401,-1.44218,4.15
43.2654,-5.96835,-1.50186,4.16
45.0559,-5.51779,-1.55704,4.17
46.7113,-5.05068,-1.60755,4.18
48.2265,-4.56841,-1.65323,4.19
49.597,-4.07244,-1.69396,4.2
50.8187,-3.56426,-1.7296,4.21
51.888,-3.04538,-1.76005,4.22
52.8016,-2.51736,-1.78523,4.23
53.5568,-1.98179,-1.80505,4.24
54.1514,-1.44028,-1.81945,4.25
54.5834,-0.894444,-1.82839,4.26
54.8518,-0.345927,-1.83185,4.27
54.9556,0.203629,-1.82982,4.28
54.8945,0.752574,-1.82229,4.29
54.6687,1.29926,-1.8093,4.3
54.2789,1.84205,-1.79088,4.31
53.7263,2.37931,-1.76708,4.32
53.0125,2.90944,-1.73799,4.33
52.1397,3.43083,-1.70368,4.34
51.1104,3.94194,-1.66426,4.35
49.9278,4.44122,-1.61985,4.36
48.5955,4.92717,-1.57058,4.37
47.1173,5.39835,-1.51659,4.38
45.4978,5.85332,-1.45806,4.39
43.7418,6.29074,-1.39515,4.4
41.8546,6.70929,-1.32806,4.41
39.8418,7.10771,-1.25698,4.42
37.7095,7.4848,-1.18214,4.43
35.4641,7.83944,-1.10374,4.44
33.1122,8.17056,-1.02204,4.45
30.6611,8.47717,-0.937264,4.46
28.1179,8.75835,-0.84968,4.47
25.4904,9.01326,-0.759548,4.48
22.7864,9.24112,-0.667136,4.49
20.0141,9.44126,-0.572724,4.5
17.1817,9.61308,-0.476593,4.51
14.2978,9.75606,-0.379032,4.52
11.371,9.86977,-0.280335,4.53
8.41004,9.95387,-0.180796,4.54
5.42388,10.0081,-0.0807149,4.55
2.42145,10.0323,0.0196083,4.56
-0.588249,10.0264,0.119873,4.57
-3.59618,9.99048,0.219777,4.58
-6.59332,9.92454,0.319023,4.59
-9.57069,9.82884,0.417311,4.6
-12.5193,9.70364,0.514348,4.61
-15.4304,9.54934,0.609841,4.62
-18.2952,9.36639,0.703505,4.63
-21.1051,9.15534,0.795058,4.64
-23.8518,8.91682,0.884227,4.65
-26.5268,8.65155,0.970742,4.66
-29.1223,8.36033,1.05435,4.67
-31.6304,8.04402,1.13479,4.68
-34.0436,7.70359,1.21182,4.69
-36.3546,7.34004,1.28522,4.7
-38.5567,6.95448,1.35477,4.71
-40.643,6.54805,1.42025,4.72
-42.6074,6.12197,1.48147,4.73
-44.444,5.67753,1.53824,4.74
-46.1473,5.21606,1.5904,4.75
-47.7121,4.73894,1.63779,4.76
-49.1338,4.2476,1.68027,4.77
-50.408,3.74352,1.7177,4.78
-51.5311,3.22821,1.74999,4.79
-52.4996,2.70321,1.77702,4.8
-53.3105,2.17011,1.79872,4.81
-53.9616,1.63049,1.81502,4.82
-54.4507,1.08599,1.82588,4.83
-54.7765,0.53822,1.83127,4.84
-54.938,-0.0111592,1.83115,4.85
-54.9346,-0.560505,1.82555,4.86
-54.7665,-1.10817,1.81447,4.87
-54.434,-1.65251,1.79794,4.88
-53.9383,-2.19189,1.77602,4.89
-53.2807,-2.7247,1.74878,4.9
-52.4633,-3.24933,1.71628,4.91
-51.4885,-3.76422,1.67864,4.92
-50.3592,-4.26781,1.63596,4.93
-49.0789,-4.7586,1.58838,4.94
-47.6513,-5.23511,1.53603,4.95
-46.0808,-5.69592,1.47907,4.96
-44.372,-6.13964,1.41767,4.97
-42.5301,-6.56494,1.35202,4.98
-40.5606,-6.97055,1.28232,4.99
-38.4695,-7.35524,1.20876,5
-36.2629,-7.71787,1.13158,5.01
-33.9475,-8.05734,1.05101,5.02
-31.5303,-8.37265,0.967284,5.03
-29.0185,-8.66283,0.880656,5.04
-26.4197,-8.92703,0.791385,5.05
-23.7416,-9.16445,0.699741,5.06
-20.9922,-9.37437,0.605997,5.07
-18.1799,-9.55617,0.510436,5.08
-15.3131,-9.7093,0.413343,5.09
-12.4003,-9.8333,0.31501,5.1
-9.45029,-9.9278,0.215732,5.11
-6.47195,-9.99252,0.115806,5.12
-3.47419,-10.0273,0.0155337,5.13
-0.466011,-10.0319,-0.0847855,5.14
2.54357,-10.0065,-0.18485,5.15
5.54551,-9.95103,-0.284361,5.16
8.53082,-9.86573,-0.383018,5.17
11.4905,-9.75082,-0.480526,5.18
14.4158,-9.60666,-0.576593,5.19
17.2978,-9.43368,-0.67093,5.2
20.1279,-9.23241,-0.763254,5.21
22.8976,-9.00343,-0.853288,5.22
25.5986,-8.74744,-0.940762,5.23
28.2229,-8.46521,-1.02541,5.24
30.7624,-8.15759,-1.10699,5.25
33.2097,-7.82549,-1.18525,5.26
35.5574,-7.46992,-1.25994,5.27
37.7983,-7.09194,-1.33086,5.28
39.9259,-6.69268,-1.39779,5.29
41.9337,-6.27334,-1.46052,5.3
43.8157,-5.83518,-1.51888,5.31
45.5663,-5.37952,-1.57267,5.32
47.1801,-4.90772,-1.62175,5.33
48.6524,-4.42119,-1.66596,5.34
49.9788,-3.92141,-1.70517,5.35
51.1552,-3.40985,-1.73927,5.36
52.1782,-2.88807,-1.76815,5.37
53.0446,-2.35763,-1.79173,5.38
53.7519,-1.82011,-1.80993,5.39
54.2979,-1.27713,-1.8227,5.4
54.6811,-0.730316,-1.83001,5.41
54.9002,-0.181315,-1.83182,5.42
54.9546,0.368231,-1.82814,5.43
54.8441,0.916672,-1.81897,5.44
54.5691,1.46236,-1.80435,5.45
54.1304,2.00367,-1.78431,5.46
53.5293,2.53896,-1.75892,5.47
52.7676,3.06663,-1.72825,5.48
51.8476,3.58511,-1.6924,5.49
50.7721,4.09283,-1.65147,5.5
49.5442,4.58827,-1.60559,5.51
48.1677,5.06995,-1.55489,5.52
46.6467,5.53642,-1.49953,5.53
44.9858,5.98628,-1.43966,5.54
43.1899,6.41818,-1.37548,5.55
41.2645,6.83082,-1.30717,5.56
39.2152,7.22297,-1.23494,5.57
37.0483,7.59346,-1.15901,5.58
34.7703,7.94116,-1.0796,5.59
32.388,8.26504,-0.996948,5.6
29.9084,8.56412,-0.911307,5.61
27.3392,8.83752,-0.822932,5.62
24.688,9.0844,-0.732088,5.63
21.9626,9.30402,-0.639048,5.64
19.1714,9.49574,-0.54409,5.65
16.3227,9.65896,-0.447501,5.66
13.425,9.79321,-0.349569,5.67
10.4871,9.89808,-0.250588,5.68
7.51763,9.97326,-0.150855,5.69
4.52566,10.0185,-0.05067,5.7
1.5201,10.0337,0.0496672,5.71
-1.49002,10.0188,0.149855,5.72
-4.49566,9.97386,0.249594,5.73
-7.48782,9.89898,0.348584,5.74
-10.4575,9.79441,0.446528,5.75
-13.3958,9.66045,0.543132,5.76
-16.294,9.49751,0.638107,5.77
-19.1432,9.30608,0.731168,5.78
-21.935,9.08673,0.822036,5.79
-24.6611,8.84012,0.910437,5.8
-27.3131,8.56699,0.996107,5.81
-29.8832,8.26815,1.07879,5.82
-32.3636,7.94452,1.15823,5.83
-34.747,7.59705,1.2342,5.84
-37.0261,7.22679,1.30647,5.85
-39.1941,6.83484,1.37482,5.86
-41.2446,6.4224,1.43904,5.87
-43.1713,5.99069,1.49895,5.88
-44.9685,5.541,1.55436,5.89
-46.6308,5.07469,1.60511,5.9
-48.1532,4.59316,1.65104,5.91
-49.5312,4.09785,1.69202,5.92
-50.7605,3.59024,1.72792,5.93
-51.8376,3.07187,1.75864,5.94
-52.7592,2.54427,1.78408,5.95
-53.5225,2.00905,1.80417,5.96
-54.1252,1.4678,1.81885,5.97
-54.5655,0.922143,1.82807,5.98
-54.8421,0.373722,1.83181,5.99
-54.9543,-0.175821,1.83005,6
-54.9015,-0.724836,1.8228,6.01
-54.6841,-1.27168,1.81009,6.02
-54.3026,-1.8147,1.79194,6.03
-53.7582,-2.35228,1.76842,6.04
-53.0525,-2.88281,1.73959,6.05
-52.1876,-3.40468,1.70554,6.06
-51.1662,-3.91635,1.66638,6.07
-49.9913,-4.41626,1.62221,6.08
-48.6664,-4.90292,1.57319,6.09
-47.1956,-5.37488,1.51944,6.1
-45.5831,-5.83071,1.46113,6.11
-43.8339,-6.26905,1.39844,6.12
-41.9532,-6.68858,1.33155,6.13
-39.9466,-7.08805,1.26067,6.14
-37.8202,-7.46625,1.18601,6.15
-35.5803,-7.82205,1.10779,6.16
-33.2337,-8.15439,1.02625,6.17
-30.7874,-8.46226,0.941623,6.18
-28.2487,-8.74475,0.854176,6.19
-25.6253,-9.001,0.764166,6.2
-22.925,-9.23025,0.671863,6.21
-20.1559,-9.43181,0.577545,6.22
-17.3263,-9.60507,0.481494,6.23
-14.4448,-9.74952,0.383999,6.24
-11.52,-9.86472,0.285352,6.25
-8.56055,-9.95033,0.185848,6.26
-5.57545,-10.0061,0.0857876,6.27
-2.57363,-10.0318,-0.0145305,6.28
0.435916,-10.0275,-0.114805,6.29
3.44415,-9.99302,-0.214735,6.3
6.44206,-9.9286,-0.314021,6.31
9.42064,-9.83439,-0.412365,6.32
12.371,-9.71068,-0.509472,6.33
15.2842,-9.55784,-0.60505,6.34
18.1515,-9.37633,-0.698814,6.35
20.9644,-9.16668,-0.790481,6.36
23.7144,-8.92954,-0.879776,6.37
26.3933,-8.6656,-0.966432,6.38
28.993,-8.37567,-1.05019,6.39
31.5057,-8.06062,-1.13079,6.4
33.9238,-7.72138,-1.20801,6.41
36.2403,-7.35898,-1.2816,6.42
38.448,-6.9745,-1.35134,6.43
40.5403,-6.56909,-1.41703,6.44
42.511,-6.14398,-1.47847,6.45
44.3542,-5.70044,-1.53548,6.46
46.0644,-5.2398,-1.58788,6.47
47.6363,-4.76344,-1.63551,6.48
49.0653,-4.27278,-1.67824,6.49
50.3472,-3.76931,-1.71593,6.5
51.478,-3.25453,-1.74848,6.51
52.4543,-2.72999,-1.77578,6.52
53.2733,-2.19725,-1.79775,6.53
53.9325,-1.65793,-1.81433,6.54
54.4299,-1.11363,-1.82547,6.55
54.764,-0.565991,-1.83113,6.56
54.9338,-0.016654,-1.83129,6.57
54.9387,0.532734,-1.82596,6.58
54.7789,1.08052,-1.81516,6.59
54.4548,1.62507,-1.79891,6.6
53.9673,2.16474,-1.77726,6.61
53.3178,2.69792,-1.75028,6.62
52.5085,3.22301,-1.71805,6.63
51.5416,3.73842,-1.68067,6.64
50.42,4.24262,-1.63824,6.65
49.1472,4.73409,-1.5909,6.66
47.727,5.21136,-1.53879,6.67
46.1636,5.673,-1.48206,6.68
44.4617,6.11762,-1.42088,6.69
42.6264,6.54388,-1.35544,6.7
40.6633,6.95051,-1.28594,6.71
38.5781,7.33629,-1.21257,6.72
36.3772,7.70007,-1.13557,6.73
34.0672,8.04074,-1.05517,6.74
31.655,8.35729,-0.971593,6.75
29.1478,8.64877,-0.885105,6.76
26.5531,8.9143,-0.795962,6.77
23.8789,9.15309,-0.704431,6.78
21.1329,9.36442,-0.610787,6.79
18.3236,9.54765,-0.51531,6.8
15.4593,9.70224,-0.418288,6.81
12.5486,9.82773,-0.320011,6.82
9.60032,9.92373,-0.220773,6.83
6.6232,9.98997,-0.120874,6.84
3.62621,10.0262,-0.0206114,6.85
0.618343,10.0324,0.0797127,6.86
-2.39138,10.0085,0.179798,6.87
-5.39393,9.95456,0.279343,6.88
-8.3803,9.87076,0.378051,6.89
-11.3415,9.75734,0.475624,6.9
-14.2687,9.61465,0.571771,6.91
-17.1531,9.44312,0.666202,6.92
-19.9861,9.24326,0.758635,6.93
-22.759,9.01567,0.848791,6.94
-25.4637,8.76103,0.936402,6.95
-28.092,8.48011,1.0212,6.96
-30.6361,8.17375,1.10294,6.97
-33.0882,7.84287,1.18137,6.98
-35.4411,7.48846,1.25625,6.99
-37.6876,7.11158,1.32737,7
-39.8211,6.71337,1.3945,7.01
-41.8351,6.29502,1.45745,7.02
-43.7236,5.85779,1.51603,7.03
-45.4809,5.40298,1.57006,7.04
-47.1018,4.93196,1.61938,7.05
-48.5814,4.44614,1.66384,7.06
-49.9153,3.94699,1.70331,7.07
-51.0994,3.436,1.73767,7.08
-52.1302,2.9147,1.76682,7.09
-53.0046,2.38465,1.79067,7.1
-53.72,1.84745,1.80914,7.11
-54.2742,1.30471,1.82219,7.12
-54.6656,0.758053,1.82977,7.13
-54.893,0.209123,1.83186,7.14
-54.9558,-0.340435,1.82845,7.15
-54.8536,-0.888971,1.81956,7.16
-54.5869,-1.43484,1.80522,7.17
-54.1565,-1.97641,1.78545,7.18
-53.5636,-2.51204,1.76033,7.19
-52.81,-3.04014,1.72993,7.2
-51.8979,-3.55912,1.69434,7.21
-50.8302,-4.06742,1.65366,7.22
-49.6099,-4.56352,1.60803,7.23
-48.2409,-5.04593,1.55757,7.24
-46.7271,-5.5132,1.50244,7.25
-45.0732,-5.96393,1.4428,7.26
-43.284,-6.39677,1.37883,7.27
-41.3649,-6.81042,1.31073,7.28
-39.3218,-7.20364,1.23869,7.29
-37.1607,-7.57525,1.16294,7.3
-34.8881,-7.92413,1.0837,7.31
-32.5109,-8.24924,1.0012,7.32
-30.0361,-8.5496,0.915709,7.33
-27.4713,-8.82431,0.827466,7.34
-24.824,-9.07255,0.73674,7.35
-22.1022,-9.29357,0.643804,7.36
-19.3141,-9.48671,0.548937,7.37
-16.4681,-9.6514,0.452423,7.38
-13.5727,-9.78712,0.354552,7.39
-10.6366,-9.89349,0.255617,7.4
-7.66851,-9.97017,0.155915,7.41
-4.67746,-10.0169,0.0557458,7.42
-1.67237,-10.0337,-0.0445909,7.43
1.33773,-10.0203,-0.144794,7.44
4.34382,-9.97686,-0.244562,7.45
7.33687,-9.90349,-0.343597,7.46
10.3079,-9.80041,-0.441601,7.47
13.248,-9.66793,-0.538281,7.48
16.1484,-9.50644,-0.633345,7.49
19.0004,-9.31644,-0.726509,7.5
21.7953,-9.09849,-0.817494,7.51
24.5248,-8.85324,-0.906027,7.52
27.1808,-8.58143,-0.991841,7.53
29.7552,-8.28388,-1.07468,7.54
32.2404,-7.96148,-1.15429,7.55
34.6288,-7.61519,-1.23045,7.56
36.9134,-7.24605,-1.30291,7.57
39.0872,-6.85518,-1.37146,7.58
41.1438,-6.44374,-1.4359,7.59
43.0769,-6.01297,-1.49603,7.6
44.8808,-5.56417,-1.55167,7.61
46.55,-5.09867,-1.60265,7.62
48.0796,-4.61787,-1.64883,7.63
49.465,-4.12322,-1.69007,7.64
50.702,-3.6162,-1.72623,7.65
51.7868,-3.09833,-1.75721,7.66
52.7163,-2.57117,-1.78292,7.67
53.4877,-2.03629,-1.80329,7.68
54.0986,-1.49531,-1.81824,7.69
54.5471,-0.949835,-1.82774,7.7
54.8321,-0.401514,-1.83175,7.71
54.9526,0.148011,-1.83027,7.72
54.9081,0.697093,-1.8233,7.73
54.699,1.24408,-1.81086,7.74
54.3258,1.78734,-1.79299,7.75
53.7896,2.32524,-1.76973,7.76
53.092,2.85616,-1.74117,7.77
52.2352,3.37851,-1.70739,7.78
51.2216,3.89072,-1.66848,7.79
50.0544,4.39127,-1.62457,7.8
48.737,4.87864,-1.57578,7.81
47.2734,5.35137,-1.52227,7.82
45.668,5.80805,-1.46419,7.83
43.9256,6.24731,-1.40171,7.84
42.0514,6.66782,-1.33504,7.85
40.0511,7.06833,-1.26435,7.86
37.9306,7.44764,-1.18988,7.87
35.6963,7.8046,-1.11183,7.88
33.3549,8.13815,-1.03045,7.89
30.9134,8.44729,-0.945975,7.9
28.3793,8.73108,-0.858665,7.91
25.7599,8.98868,-0.768778,7.92
23.0633,9.21931,-0.676585,7.93
20.2975,9.42229,-0.582362,7.94
17.4709,9.597,-0.486392,7.95
14.5918,9.74291,-0.388963,7.96
11.6689,9.8596,-0.290367,7.97
8.711,9.94671,-0.1909,7.98
5.72699,10.004,-0.0908597,7.99
2.72579,10.0312,0.00945269,8
-0.283581,10.0284,0.109737,8.01
-3.2921,9.99548,0.209692,8.02
-6.29075,9.93258,0.309017,8.03
-9.27052,9.83987,0.407416,8.04
-12.2225,9.71765,0.504592,8.05
-15.1378,9.56627,0.600255,8.06
-18.0077,9.38619,0.694117,8.07
-20.8235,9.17796,0.785897,8.08
-23.5769,8.94219,0.875318,8.09
-26.2596,8.67959,0.962114,8.1
-28.8634,8.39096,1.04602,8.11
-31.3807,8.07715,1.1268,8.12
-33.8039,7.73911,1.20419,8.13
-36.1256,7.37786,1.27797,8.14
-38.339,6.99447,1.34791,8.15
-40.4373,6.59009,1.41381,8.16
-42.4143,6.16595,1.47547,8.17
-44.2641,5.72331,1.5327,8.18
-45.9811,5.2635,1.58534,8.19
-47.5601,4.7879,1.63322,8.2
-48.9965,4.29793,1.6762,8.21
-50.2859,3.79507,1.71415,8.22
-51.4244,3.28083,1.74696,8.23
-52.4087,2.75674,1.77452,8.24
-53.2357,2.22438,1.79677,8.25
-53.903,1.68535,1.81362,8.26
-54.4086,1.14127,1.82503,8.27
-54.751,0.593758,1.83097,8.28
-54.9291,0.044467,1.83142,8.29
-54.9425,-0.504958,1.82637,8.3
-54.791,-1.05287,1.81584,8.31
-54.4751,-1.59762,1.79986,8.32
-53.9958,-2.13758,1.77849,8.33
-53.3546,-2.67112,1.75177,8.34
-52.5532,-3.19665,1.71981,8.35
-51.5942,-3.7126,1.68268,8.36
-50.4804,-4.2174,1.64051,8.37
-49.2152,-4.70955,1.59341,8.38
-47.8024,-5.18758,1.54154,8.39
-46.2461,-5.65004,1.48504,8.4
-44.5511,-6.09555,1.42408,8.41
-42.7224,-6.52277,1.35885,8.42
-40.7656,-6.93043,1.28955,8.43
-38.6864,-7.31729,1.21638,8.44
-36.4913,-7.6822,1.13955,8.45
-34.1866,-8.02407,1.05931,8.46
-31.7794,-8.34186,0.975894,8.47
-29.2768,-8.63463,0.889548,8.48
-26.6864,-8.9015,0.800533,8.49
-24.016,-9.14166,0.709116,8.5
-21.2735,-9.35439,0.615572,8.51
-18.4672,-9.53906,0.520181,8.52
-15.6054,-9.69512,0.42323,8.53
-12.6969,-9.82209,0.325009,8.54
-9.75028,-9.91959,0.225813,8.55
-6.7744,-9.98733,0.12594,8.56
-3.7782,-10.0251,0.025689,8.57
-0.77067,-10.0328,-0.0746392,8.58
2.23918,-10.0104,-0.174744,8.59
5.24231,-9.95801,-0.274324,8.6
8.22971,-9.87571,-0.373081,8.61
11.1924,-9.76379,-0.470719,8.62
14.1216,-9.62257,-0.566944,8.63
17.0083,-9.45249,-0.661469,8.64
19.8441,-9.25405,-0.75401,8.65
22.6203,-9.02784,-0.844288,8.66
25.3286,-8.77456,-0.932034,8.67
27.961,-8.49495,-1.01698,8.68
30.5095,-8.18985,-1.09888,8.69
32.9664,-7.86019,-1.17748,8.7
35.3245,-7.50694,-1.25255,8.71
37.5766,-7.13118,-1.32386,8.72
39.7159,-6.73402,-1.3912,8.73
41.7361,-6.31666,-1.45437,8.74
43.6311,-5.88034,-1.51317,8.75
45.3952,-5.42639,-1.56744,8.76
47.0232,-4.95616,-1.617,8.77
48.51,-4.47106,-1.66171,8.78
49.8513,-3.97255,-1.70144,8.79
51.0431,-3.46212,-1.73606,8.8
52.0817,-2.9413,-1.76547,8.81
52.9641,-2.41166,-1.78959,8.82
53.6876,-1.87478,-1.80834,8.83
54.2501,-1.33228,-1.82166,8.84
54.6497,-0.785784,-1.82952,8.85
54.8855,-0.236929,-1.83188,8.86
54.9565,0.312637,-1.82876,8.87
54.8628,0.861264,-1.82015,8.88
54.6044,1.40731,-1.80607,8.89
54.1822,1.94913,-1.78658,8.9
53.5974,2.4851,-1.76173,8.91
52.8519,3.01362,-1.73159,8.92
51.9478,3.5331,-1.69626,8.93
50.8879,4.04198,-1.65584,8.94
49.6753,4.53873,-1.61046,8.95
48.3137,5.02187,-1.56024,8.96
46.8071,5.48994,-1.50534,8.97
45.1601,5.94154,-1.44592,8.98
43.3777,6.37532,-1.38217,8.99
41.4651,6.78997,-1.31427,9
39.4281,7.18425,-1.24243,9.01
37.2728,7.55698,-1.16686,9.02
35.0057,7.90704,-1.08779,9.03
32.6336,8.23337,-1.00545,9.04
30.1636,8.53501,-0.920103,9.05
27.6031,8.81104,-0.831993,9.06
24.9598,9.06064,-0.741386,9.07
22.2416,9.28305,-0.648556,9.08
19.4567,9.47762,-0.55378,9.09
16.6134,9.64375,-0.457342,9.1
13.7203,9.78096,-0.359533,9.11
10.786,9.88882,-0.260644,9.12
7.81933,9.96701,-0.160974,9.13
4.82923,10.0153,-0.0608212,9.14
1.82464,10.0335,0.0395143,9.15
-1.18543,10.0217,0.139731,9.16
-4.19194,9.97978,0.239529,9.17
-7.18587,9.90792,0.338608,9.18
-10.1582,9.80633,0.436671,9.19
-13.1001,9.67533,0.533425,9.2
-16.0027,9.51531,0.628578,9.21
-18.8573,9.32673,0.721845,9.22
-21.6554,9.11018,0.812947,9.23
-24.3884,8.86629,0.90161,9.24
-27.0483,8.59581,0.987568,9.25
-29.627,8.29954,1.07056,9.26
-32.1169,7.97837,1.15035,9.27
-34.5104,7.63327,1.22668,9.28
-36.8004,7.26526,1.29933,9.29
-38.98,6.87546,1.36809,9.3
-41.0426,6.46504,1.43274,9.31
-42.9821,6.03522,1.49309,9.32
-44.7927,5.58729,1.54896,9.33
-46.4689,5.1226,1.60019,9.34
-48.0057,4.64254,1.64661,9.35
-49.3984,4.14856,1.6881,9.36
-50.643,3.64213,1.72452,9.37
-51.7356,3.12477,1.75577,9.38
-52.6731,2.59804,1.78175,9.39
-53.4525,2.06352,1.80238,9.4
-54.0715,1.5228,1.81761,9.41
-54.5284,0.97752,1.82739,9.42
-54.8216,0.429304,1.83168,9.43
-54.9504,-0.120201,1.83048,9.44
-54.9144,-0.669344,1.82379,9.45
-54.7136,-1.21648,1.81162,9.46
-54.3486,-1.75997,1.79402,9.47
-53.8206,-2.29817,1.77104,9.48
-53.1312,-2.82948,1.74274,9.49
-52.2823,-3.35231,1.70922,9.5
-51.2766,-3.86507,1.67057,9.51
-50.1171,-4.36624,1.62691,9.52
-48.8072,-4.85432,1.57836,9.53
-47.3509,-5.32783,1.52509,9.54
-45.7526,-5.78535,1.46723,9.55
-44.017,-6.22552,1.40498,9.56
-42.1493,-6.64701,1.33851,9.57
-40.1552,-7.04857,1.26802,9.58
-38.0407,-7.42897,1.19373,9.59
-35.812,-7.78709,1.11586,9.6
-33.4758,-8.12185,1.03464,9.61
-31.0393,-8.43224,0.95032,9.62
-28.5096,-8.71734,0.863147,9.63
-25.8944,-8.97628,0.773384,9.64
-23.2015,-9.2083,0.681301,9.65
-20.439,-9.41269,0.587174,9.66
-17.6152,-9.58884,0.491286,9.67
-14.7386,-9.73623,0.393923,9.68
-11.8177,-9.8544,0.295379,9.69
-8.86138,-9.94302,0.195949,9.7
-5.87847,-10.0018,0.0959311,9.71
-2.87793,-10.0306,-0.00437476,9.72
0.131243,-10.0293,-0.104667,9.73
3.14002,-9.99787,-0.204646,9.74
6.13938,-9.93648,-0.304011,9.75
9.12033,-9.84527,-0.402464,9.76
12.0739,-9.72453,-0.499709,9.77
14.9913,-9.57462,-0.595455,9.78
17.8637,-9.39598,-0.689415,9.79
20.6825,-9.18916,-0.781307,9.8
23.4392,-8.95477,-0.870854,9.81
26.1256,-8.69351,-0.957789,9.82
28.7337,-8.40617,-1.04185,9.83
31.2555,-8.09362,-1.12279,9.84
33.6836,-7.75678,-1.20036,9.85
36.0107,-7.39668,-1.27432,9.86
38.2297,-7.01438,-1.34447,9.87
40.334,-6.61104,-1.41058,9.88
42.3173,-6.18787,-1.47245,9.89
44.1736,-5.74613,-1.52992,9.9
45.8975,-5.28716,-1.58279,9.91
47.4836,-4.81232,-1.63091,9.92
48.9273,-4.32305,-1.67414,9.93
50.2242,-3.8208,-1.71235,9.94
51.3705,-3.3071,-1.74542,9.95
52.3626,-2.78347,-1.77326,9.96
53.1977,-2.2515,-1.79577,9.97
53.8731,-1.71277,-1.8129,9.98
54.3869,-1.1689,-1.82459,9.99
